%YAML:1.0
---
R: !!opencv-matrix
   rows: 3
   cols: 3
   dt: d
   data: [ 9.9992841575402458e-01, -4.1342259533088555e-03,
       -1.1228158505006533e-02, 4.2089826640321834e-03,
       9.9996908023282527e-01, 6.6425178397399778e-03,
       1.1200349663311392e-02, -6.6893014646056126e-03,
       9.9991489908558484e-01 ]
T: !!opencv-matrix
   rows: 3
   cols: 1
   dt: d
   data: [ -3.9058980297778653e+01, -6.7728135914297081e+00,
       1.4393819728204274e+01 ]
Rl: !!opencv-matrix
   rows: 3
   cols: 3
   dt: d
   data: [ 9.2292307763425951e-01, 1.5904087639789088e-01,
       -3.5059804963048119e-01, -1.5757561769882342e-01,
       9.8695853908453568e-01, 3.2905422576731722e-02,
       3.5125904611403358e-01, 2.4876530359152733e-02,
       9.3594777672707219e-01 ]
Rr: !!opencv-matrix
   rows: 3
   cols: 3
   dt: d
   data: [ 9.2613607043560953e-01, 1.6059167232577060e-01,
       -3.4129502460144345e-01, -1.6201411467453486e-01,
       9.8648336436961770e-01, 2.4535657077539512e-02,
       3.4062208631313712e-01, 3.2571254222278370e-02,
       9.3963594424334007e-01 ]
Pl: !!opencv-matrix
   rows: 3
   cols: 4
   dt: d
   data: [ 1.5816177638110439e+03, 0., 1.6911003118753433e+03, 0., 0.,
       1.5816177638110439e+03, 5.8158115005493164e+02, 0., 0., 0., 1.,
       0. ]
Pr: !!opencv-matrix
   rows: 3
   cols: 4
   dt: d
   data: [ 1.5816177638110439e+03, 0., 1.6911003118753433e+03,
       -6.6703348511472694e+04, 0., 1.5816177638110439e+03,
       5.8158115005493164e+02, 0., 0., 0., 1., 0. ]
Q: !!opencv-matrix
   rows: 4
   cols: 4
   dt: d
   data: [ 1., 0., 0., -1.6911003118753433e+03, 0., 1., 0.,
       -5.8158115005493164e+02, 0., 0., 0., 1.5816177638110439e+03, 0.,
       0., 2.3711219887844345e-02, 0. ]
