%YAML:1.0
---
R: !!opencv-matrix
   rows: 3
   cols: 3
   dt: d
   data: [ 9.9991760020550102e-01, -3.2193921580253408e-03,
       1.2426918902319197e-02, 3.1597843497363342e-03,
       9.9998342369185511e-01, 4.8133257087969198e-03,
       -1.2442208892923096e-02, -4.7736627078846889e-03,
       9.9991119784819704e-01 ]
T: !!opencv-matrix
   rows: 3
   cols: 1
   dt: d
   data: [ -3.6132456082322854e+01, -1.4011802055158107e-01,
       8.9429582111450379e-01 ]
Rl: !!opencv-matrix
   rows: 3
   cols: 3
   dt: d
   data: [ 9.9992406497657826e-01, 7.7634958438197051e-04,
       -1.2298843930974083e-02, -7.4677761209230589e-04,
       9.9999681985000888e-01, 2.4088613631748123e-03,
       1.2300674937323791e-02, -2.3994939449284887e-03,
       9.9992146482856070e-01 ]
Rr: !!opencv-matrix
   rows: 3
   cols: 3
   dt: d
   data: [ 9.9968633532922302e-01, 3.8766827851292956e-03,
       -2.4742721891730979e-02, -3.9361632728398804e-03,
       9.9998947857269593e-01, -2.3557085127742100e-03,
       2.4733329228343027e-02, 2.4523610034194497e-03,
       9.9969107645851840e-01 ]
Pl: !!opencv-matrix
   rows: 3
   cols: 4
   dt: d
   data: [ 1.4439541638366813e+03, 0., 7.4396855163574219e+02, 0., 0.,
       1.4439541638366813e+03, 3.4758525466918945e+02, 0., 0., 0., 1.,
       0. ]
Pr: !!opencv-matrix
   rows: 3
   cols: 4
   dt: d
   data: [ 1.4439541638366813e+03, 0., 7.4396855163574219e+02,
       -5.2189980562787190e+04, 0., 1.4439541638366813e+03,
       3.4758525466918945e+02, 0., 0., 0., 1., 0. ]
Q: !!opencv-matrix
   rows: 4
   cols: 4
   dt: d
   data: [ 1., 0., 0., -7.4396855163574219e+02, 0., 1., 0.,
       -3.4758525466918945e+02, 0., 0., 0., 1.4439541638366813e+03, 0.,
       0., 2.7667267706672764e-02, 0. ]
