%YAML:1.0
---
cameraMatrixL: !!opencv-matrix
   rows: 3
   cols: 3
   dt: d
   data: [ 2.0713478067877809e+03, 0., 8.9991428766719059e+02, 0.,
       1.5695909117905410e+03, 6.4764149600382939e+02, 0., 0., 1. ]
cameraDistcoeffL: !!opencv-matrix
   rows: 5
   cols: 1
   dt: d
   data: [ -4.4920657740647363e-01, 9.7207198483527191e-01,
       -6.4148798185369570e-03, 8.2012851288940959e-03,
       -8.5704283879244993e+00 ]
cameraMatrixR: !!opencv-matrix
   rows: 3
   cols: 3
   dt: d
   data: [ 2.1172485295780471e+03, 0., 9.5637330575634212e+02, 0.,
       1.5936446158315468e+03, 6.4775422982947055e+02, 0., 0., 1. ]
cameraDistcoeffR: !!opencv-matrix
   rows: 5
   cols: 1
   dt: d
   data: [ -1.0155795231740715e-01, -1.9424868748282154e+00,
       -8.6340042528736012e-03, 2.9722234347889964e-02,
       6.9073980464331814e+00 ]
