%YAML:1.0
---
cameraMatrixL: !!opencv-matrix
   rows: 3
   cols: 3
   dt: d
   data: [ 1.4467149421355541e+03, 0., 6.8294028007475015e+02, 0.,
       1.4444840902635653e+03, 3.7495719202121688e+02, 0., 0., 1. ]
cameraDistcoeffL: !!opencv-matrix
   rows: 5
   cols: 1
   dt: d
   data: [ -4.3254721219466319e-01, 2.8732519779941934e-01,
       2.0559553556955562e-04, 2.0300359738746527e-03,
       -1.3884374243825745e-01 ]
cameraMatrixR: !!opencv-matrix
   rows: 3
   cols: 3
   dt: d
   data: [ 1.4498233767643953e+03, 0., 6.8389328813361192e+02, 0.,
       1.4434242374097971e+03, 3.2336670953710041e+02, 0., 0., 1. ]
cameraDistcoeffR: !!opencv-matrix
   rows: 5
   cols: 1
   dt: d
   data: [ -3.8738160552554313e-01, 2.3233077187905507e-01,
       1.5887042213519156e-03, 1.1086014651729714e-02,
       -2.0127496132384001e-01 ]
