%YAML:1.0
---
R: !!opencv-matrix
   rows: 3
   cols: 3
   dt: d
   data: [ 9.9998525623792089e-01, 3.5314114858776844e-03,
       4.1250987499918115e-03, -3.5020114411439002e-03,
       9.9996857203650924e-01, -7.1127248738258250e-03,
       -4.1500870648541891e-03, 7.0981738624842482e-03,
       9.9996619578122348e-01 ]
T: !!opencv-matrix
   rows: 3
   cols: 1
   dt: d
   data: [ -6.6541612025985515e+01, 7.3831292545520688e-01,
       -9.7018643367009050e-02 ]
Rl: !!opencv-matrix
   rows: 3
   cols: 3
   dt: d
   data: [ 9.9995544865126562e-01, -7.5529246806371342e-03,
       5.6616288658570338e-03, 7.5729193946032216e-03,
       9.9996513477815419e-01, -3.5185394627193908e-03,
       -5.6348562083628380e-03, 3.5612577660840521e-03,
       9.9997778267251247e-01 ]
Rr: !!opencv-matrix
   rows: 3
   cols: 3
   dt: d
   data: [ 9.9993738783922914e-01, -1.1094812337870385e-02,
       1.4579233334812282e-03, 1.1089581780977697e-02,
       9.9993221386319942e-01, 3.5480775870193105e-03,
       -1.4971897614788720e-03, -3.5316876741779630e-03,
       9.9999264277543065e-01 ]
Pl: !!opencv-matrix
   rows: 3
   cols: 4
   dt: d
   data: [ 5.3500950686330464e+02, 0., 3.3665798568725586e+02, 0., 0.,
       5.3500950686330464e+02, 2.4442171859741211e+02, 0., 0., 0., 1.,
       0. ]
Pr: !!opencv-matrix
   rows: 3
   cols: 4
   dt: d
   data: [ 5.3500950686330464e+02, 0., 3.3665798568725586e+02,
       -3.5602624193141688e+04, 0., 5.3500950686330464e+02,
       2.4442171859741211e+02, 0., 0., 0., 1., 0. ]
Q: !!opencv-matrix
   rows: 4
   cols: 4
   dt: d
   data: [ 1., 0., 0., -3.3665798568725586e+02, 0., 1., 0.,
       -2.4442171859741211e+02, 0., 0., 0., 5.3500950686330464e+02, 0.,
       0., 1.5027249226374896e-02, 0. ]
